399.640 395.760 441.310
511.596 511.714 509.176
432.485 431.978 432.373
168.220 169.114 167.981
170.901 171.727 406.581
396.368 293.333 297.229
303.920 316.581 307.417
343.841 343.680 343.655
228.531 225.951 230.393
255.502 240.811 242.192
236.040 245.704 245.350
236.712 236.904 237.339
254.254 248.254 240.450
243.070 231.496 238.893
244.459 233.602 241.996
238.615 238.543 254.302
224.713 226.173 225.841
239.934 241.768 244.853
228.238 229.668 233.905
224.051 227.161 228.008
236.706 234.814 270.256
251.702 244.611 226.615
286.577 278.677 280.505
253.939 221.649 225.431
239.916 246.575 246.998
243.967 250.174 244.471
242.807 239.104 240.890
240.357 241.773 241.458
